Losses:

LR = 0.5; Lookback = 0: Loss = 6.464693860919011, at epoch 10
LR = 0.1; Lookback = 0: Loss = 7.4103627289148335, at epoch 10
LR = 0.05; Lookback = 0: Loss = 7.599181262726565, at epoch 10

####################################

LR = 0.5; Lookback = 2: Loss = 6.455810424375685, at epoch 10
LR = 0.1; Lookback = 2: Loss = 7.401954282088488, at epoch 10
LR = 0.05; Lookback = 2: Loss = 7.5936475733907525, at epoch 10

####################################

LR = 0.5; Lookback = 5: Loss = 6.45644079645827, at epoch 10
LR = 0.1; Lookback = 5: Loss = 7.4023292212231935, at epoch 10
LR = 0.05; Lookback = 5: Loss = 7.5938022435418695, at epoch 10



MATRICES

LR = 0.5; Lookback = 0:

U: [[-1.14355397e-01  1.41376291e-01  6.59789441e-01 -4.23180434e-01
   1.20316978e-01  2.48186562e-01 -7.43732266e-02 -1.29643027e-02
  -2.82033242e-01  9.03625447e-02  1.30476717e-01 -8.67862879e-02
  -4.79757628e-01  1.55715237e-01  3.39239862e-01  2.95036227e-01
  -4.24585290e-01 -1.08362441e-01 -3.95727622e-01  8.41908780e-02
   3.94053109e-02  3.69604700e-01 -3.73184223e-01 -5.87785349e-01
  -8.56743103e-02]
 [ 3.95572346e-02  1.51732703e-01 -4.92145627e-01 -6.69197753e-01
   1.49537480e-01 -7.18958622e-02 -1.59461198e-01  1.72090868e-01
   2.72565855e-01  4.87970160e-02  1.89318732e-01  7.01433483e-02
   1.57076525e-01 -2.59734621e-03  3.77036898e-01  1.69825649e-01
  -2.14882305e-01 -2.43821379e-01  4.88604503e-02  2.92833478e-01
   5.65457270e-02 -6.72247522e-01  1.73420587e-01  3.23340118e-02
   2.71424300e-01]
 [ 3.70266625e-02 -5.33758766e-01 -1.48102433e-01 -3.56739051e-01
  -2.99162954e-01  2.28815952e-01 -2.13919987e-01 -8.38370997e-02
  -8.95377150e-03 -3.29451217e-01 -3.85824593e-02  3.95449000e-01
  -4.85609901e-02  2.81016940e-01 -3.92498316e-01  7.73893578e-03
  -9.21038610e-02 -2.57133660e-01  9.56010507e-02  1.17808441e-01
  -2.52264771e-01 -3.39121213e-01 -1.96253063e-01  7.36549627e-02
  -1.22444751e-01]
 [-1.21265511e-01 -2.25931935e-01 -7.84561088e-01 -2.59604118e-02
  -3.07690257e-01  1.20142685e-01  1.44163888e-01  3.98702557e-01
  -2.58549082e-01 -8.01754470e-01  4.77715649e-01  2.18836548e-01
   5.80698233e-01  4.53316944e-01 -5.05669541e-01 -2.57272547e-01
   8.46854647e-02  2.37143315e-01 -1.36183472e-01 -1.05701281e-01
  -1.38583370e-01 -5.34545703e-01 -1.75431547e-01  3.87209947e-02
   8.13519170e-02]
 [ 2.70529737e-01  1.67501696e-01  5.86011637e-01  5.70152975e-03
   2.46212547e-01  2.42338405e-01  2.06977379e-01 -7.49390112e-01
   2.87364896e-01 -1.83307380e-01 -1.13899710e-01  1.99913307e-01
  -1.31320898e-01 -1.22519021e-01  3.47987126e-01 -1.48854647e-01
   4.07806923e-02 -1.40988527e-01 -1.22283574e-02 -3.42969317e-01
   3.93864407e-01 -1.73267169e-01  2.75028663e-01 -2.43164827e-01
   2.87061960e-02]
 [ 1.69977006e-01 -2.87426993e-02  3.95942170e-01  7.12726042e-01
  -8.30148903e-03  6.00986937e-02 -4.35532105e-01 -4.68989064e-02
  -6.06485423e-01  4.61626479e-01  5.89523124e-03  1.55096328e-01
  -2.14617000e-01  1.57083431e-01 -3.17495398e-01 -4.87617378e-01
   1.37715881e-01 -5.65050118e-01 -3.44346553e-01  1.22898859e-02
   1.84734815e-01 -1.03028973e-01 -1.17072412e-01  1.29744552e-01
  -8.75965593e-01]
 [ 1.10089675e-01  3.47892532e-01 -1.56866062e-01  1.03862525e-02
   1.93686952e-01 -5.32716133e-02  5.72443737e-01 -4.19434975e-02
  -5.31651920e-01 -4.87933741e-02 -2.52275240e-01  2.63057766e-01
  -1.45646303e-02 -5.18128354e-02 -5.76247173e-01 -7.26325309e-01
  -1.72910711e-01 -5.45621280e-01  6.20072734e-01 -2.29302832e-01
  -1.15237620e-01  1.41621961e-01 -5.29356257e-02  2.30557348e-01
  -5.83954351e-02]
 [ 2.38954923e-01 -1.38073910e-01 -3.48505910e-01 -6.49754352e-01
  -6.74991646e-02 -2.06900396e-01 -1.58415387e-01  1.07410950e-01
   1.31034135e-01  2.07811253e-01 -1.08435001e-01 -2.05630801e-01
   2.05483447e-03  1.38643634e-01  1.85843062e-01  7.32703525e-01
   1.45327164e-01  3.45670075e-01 -1.34132128e-01  2.99815635e-01
   4.07142482e-01  3.19496802e-01 -1.21762400e-01 -1.68030875e-01
   2.80975695e-01]
 [-1.36188897e-01  2.76678426e-01 -4.75016740e-03 -1.92922403e-01
   5.77787413e-01 -6.17402703e-02 -1.06660735e-02  4.65045468e-01
  -3.11544060e-01  3.81188810e-01 -1.90124388e-02  2.90225587e-01
   8.10030145e-01 -3.52255491e-01 -7.95027610e-01  7.37682010e-01
   5.06996405e-02 -3.15465242e-02  6.93631052e-01  6.28194463e-01
  -5.66065792e-01  3.84528658e-01  3.99099372e-01  2.35463251e-01
  -1.56394694e-01]
 [ 1.66173356e-01  3.18075753e-02  2.62695685e-02  7.24038847e-01
  -2.67115660e-01  5.10520583e-01 -5.65791543e-01 -9.99541507e-02
   5.97447861e-01 -1.88971254e-01  3.57061001e-01 -2.51379556e-02
  -5.94486117e-02  2.83677229e-01 -9.01142103e-02 -2.41661507e-01
   1.09091711e-01 -5.15333536e-01 -1.64548394e-01  4.58895358e-02
  -1.64382243e-01  3.54544919e-01  1.72915103e-01  8.31769359e-01
  -2.18489970e-01]
 [ 2.40411477e-01 -2.50280710e-01 -1.66992878e-01 -2.57276868e-01
   3.88070490e-01  6.54171947e-01  1.47400828e-01  3.72337153e-01
  -5.05154000e-01 -2.94403327e-01 -4.93077737e-01 -3.73107451e-01
   2.90165414e-01 -4.63005969e-02 -1.63296182e-01 -1.70118206e-01
   3.25322113e-01 -2.18494437e-01  3.04723208e-03  2.34309852e-01
  -4.37785201e-01 -3.47243816e-01 -2.68712036e-01 -8.28666187e-02
  -1.77422362e-01]
 [ 2.25682091e-01  6.36691721e-02 -2.87345572e-01 -4.18322045e-01
   4.71761064e-01 -3.72389272e-01  2.54231512e-01 -1.64626320e-01
  -2.64746005e-02 -1.02508086e-01  3.68624765e-01  2.78437381e-02
   8.36238923e-02  1.35033310e-01  2.80410915e-01 -9.38255218e-02
   9.21153566e-02 -6.92265785e-01  1.76879655e-01 -3.69075385e-03
  -1.91105589e-01 -2.72121573e-01 -4.04733205e-01  1.31548006e-01
   3.16053534e-01]
 [ 2.55565453e-01  5.64185980e-01 -1.53081500e-01  5.75887345e-02
  -1.97574131e-01  3.70475989e-02 -1.57594843e-01 -3.38484829e-01
   8.66702651e-02  9.65000824e-02 -1.06724593e-01  5.45885781e-01
   1.34991796e-01  3.04525761e-02 -2.20929176e-01  1.20748252e-01
   2.93647841e-01  5.11947653e-01  6.47061224e-02 -8.44325581e-03
   1.68484756e-01  5.26978127e-01  1.92937142e-01 -3.97315374e-01
  -5.30976447e-01]
 [ 4.65093673e-01 -2.27583299e-01  4.86021358e-02 -3.32095156e-01
   5.48765722e-01  4.13315495e-01 -2.77191339e-01 -4.33194744e-01
  -4.62061623e-01 -1.96080882e-01  4.39712045e-01 -2.27315961e-01
  -1.00652851e-01 -9.14559507e-02 -1.70116551e-01 -4.33749701e-01
  -1.44927175e-01  4.35203752e-01 -2.66239491e-01 -3.35279151e-01
  -2.43719217e-01  5.53678174e-01  2.63752258e-01 -1.47920716e-01
   4.54234746e-01]
 [-3.73822998e-01  2.41955565e-01 -1.82694833e-01  9.26843627e-02
  -4.04538966e-01  1.82172317e-01 -1.87650738e-02  2.40466046e-01
   1.58876451e-01  3.97285737e-01  5.49158546e-01 -4.21632085e-01
   1.97701821e-01  4.67467399e-01 -2.63919089e-01  5.52894762e-03
  -4.14151274e-02 -1.59615521e-01  2.17613184e-02  3.05919393e-01
   3.79187562e-02 -1.29639776e-01  2.49796364e-01  3.51798629e-01
   1.88907557e-01]
 [ 2.51197471e-01  3.34173159e-01 -3.81796296e-02 -6.65352476e-01
   4.50420887e-01  1.22402310e-01  1.55484233e-01  9.10609680e-02
  -2.50762591e-01  2.13194653e-01 -7.64274459e-01 -4.41435209e-02
   7.42565548e-01  3.16955181e-01 -2.33018573e-01  8.90691098e-02
  -1.06417003e-01  2.70679269e-01 -1.38724062e-01  1.22621562e-01
   6.08244559e-02  1.98929884e-01  3.12280328e-01  2.71960860e-01
   1.53351929e-01]
 [ 4.43075158e-01  2.30295220e-01  2.59517194e-01 -4.44379177e-01
   5.83903506e-02  1.48248175e-01  9.72191261e-02  7.91270737e-02
   6.38705417e-02  6.20597430e-01  4.42897000e-01 -3.95344672e-01
  -1.63104592e-02 -1.88663859e-01 -5.30598998e-02 -9.08330364e-02
   5.26743266e-02  1.14912848e-01  1.81575331e-01  3.52874122e-01
  -1.00177403e-01 -3.18551001e-01  7.89092145e-02  2.32080880e-01
  -4.22872695e-01]
 [-3.64005643e-01 -4.07019360e-01  2.59435063e-01 -1.66846662e-01
  -4.90347747e-02 -4.14504552e-01  4.02828476e-01 -2.30322514e-01
  -4.04692344e-01 -1.01588739e-01  2.29716127e-02  1.06380273e-01
   4.95837125e-02 -4.03240281e-01  1.60646749e-01 -2.70918443e-01
  -5.74689508e-01 -1.40365549e-01 -5.27616028e-01 -4.27495003e-01
   5.74974630e-01 -2.80546354e-01 -1.75344876e-01 -1.53033921e-01
  -2.77378674e-01]
 [ 2.28186388e-01  6.51123327e-02 -5.35952409e-04  7.78377965e-01
   5.75521324e-01  1.41774921e-01  3.23831959e-01 -8.30683961e-02
  -1.87112742e-01 -1.41387809e-01 -2.43431221e-01  1.21968752e-01
   4.28237460e-01  1.44001627e-01  1.41942112e-01 -3.64152720e-02
   2.63866600e-01  7.01652789e-01  1.61196470e-01  2.62765075e-02
   1.54701852e-01  3.17242140e-01 -1.02319073e-01  5.72064651e-01
   2.51942495e-01]
 [-1.30985965e-01 -1.63342618e-01 -2.19709511e-01  1.29531807e-01
  -4.19410125e-01 -1.02762482e-01 -3.37640624e-01  5.43283084e-02
  -4.13383774e-02  4.56049137e-01  2.95081867e-01 -3.01985655e-01
   3.86986341e-01 -1.17525655e-02 -5.41502844e-02  2.05144276e-01
  -3.97716825e-01 -3.98722619e-01 -1.80790803e-01  3.61053156e-01
  -1.26776243e-01 -1.38380644e-01 -1.52168771e-01 -2.15598690e-01
   2.40181355e-01]
 [ 2.52344930e-01  3.45482886e-01 -2.41704724e-01  1.06751852e-01
  -8.95590971e-02  2.98262597e-01  3.04063239e-01 -4.89121239e-01
  -1.53366498e-01 -1.59845981e-01  9.98669482e-02  1.73312646e-01
   3.61628537e-01  1.37780262e-01  5.75916513e-01  1.55905156e-01
   1.67060695e-01 -3.76559873e-01 -1.03720985e-01  4.82642036e-01
  -2.04870059e-01 -3.16515977e-01  9.49470534e-02  5.64680883e-01
   3.22210413e-01]
 [-1.38367601e-01 -1.95005327e-01  1.58908943e-01 -4.67258442e-01
   1.69965664e-02  3.70538987e-01 -2.06303836e-01  3.81387777e-01
   3.91928078e-01 -4.29932306e-01 -8.81935468e-02 -3.78504155e-01
  -4.97690711e-02  5.12539559e-01  9.31187997e-02 -1.01645797e-02
  -4.83538970e-01  8.07767876e-01  3.36845482e-01  1.64920060e-01
   2.10924880e-02  1.77328903e-01 -8.38285002e-01  6.91433569e-02
   1.35655428e-01]
 [ 1.86124090e-01 -4.67235473e-02  1.90217195e-01 -3.52442162e-02
   1.47593254e-01 -3.39850988e-02  1.50519584e-02 -1.81956600e-01
   2.04282428e-01  9.61679601e-02 -2.92686443e-02 -9.49933654e-02
   1.11951826e-01 -6.22983085e-02 -1.77369750e-01 -2.71082060e-01
   8.14411823e-01 -6.60271293e-02 -8.02264665e-02 -2.32202813e-01
  -2.73224703e-01 -1.70370356e-01 -6.37202954e-01  3.74936152e-01
   5.77552865e-02]
 [ 5.31574237e-01  4.60969435e-02  3.41095382e-01  2.42967655e-01
   8.17754264e-02  2.81314528e-02 -6.24950228e-01 -1.39224789e-01
   3.90993126e-01 -2.68534002e-01  4.09119548e-01  4.50043315e-01
   3.48270432e-01  7.72280637e-02 -2.06230400e-01 -3.47266221e-02
   4.20493915e-01  3.95225052e-01 -3.92650720e-01  2.78404665e-01
  -8.87013550e-02 -2.44155622e-01  4.74836086e-01 -4.03422320e-02
  -6.08256172e-01]
 [-6.34053778e-02 -5.91821517e-02  1.39186451e-01  2.90289518e-01
  -5.74422899e-01 -1.15733499e-01  3.22479784e-01 -2.54232682e-01
  -1.79052407e-01  3.03564259e-01  1.02398495e-01 -8.55064132e-02
  -2.64289139e-01 -4.60416694e-02 -8.62544796e-02 -1.24264557e-01
  -2.18839012e-01 -1.81328341e-01 -5.51167240e-01  2.35402716e-01
   1.64520922e-01  6.38116778e-01 -1.14307554e-01  5.08417991e-01
   1.45456762e-01]],
 V:[[ 4.12316421e-02 -1.22159651e-01 -2.09604808e-01 ...  2.33562692e-04
   9.64781664e-02  1.41291268e-01]
 [ 2.25860973e-01  2.00009754e-01 -3.15823460e-01 ... -2.99764879e-01
  -4.85088887e-01  6.66168509e-01]
 [-1.66667720e-01  2.12428831e-01  3.20275690e-01 ...  3.59733418e-01
  -2.93232830e-01 -8.27830335e-04]
 ...
 [-2.21139265e-01 -2.23275356e-01 -4.92405823e-02 ...  3.73086618e-02
  -5.65044235e-02 -2.47074066e-01]
 [-2.33786343e-01  1.43944584e-01 -5.31486484e-01 ...  3.22895578e-01
   1.91066186e-01  3.87614532e-01]
 [-2.13470081e-01 -7.61078430e-02  2.97967614e-01 ...  2.69581906e-01
   2.09474739e-01  2.45286130e-01]],
 W:[[-0.18484077  0.21465964  0.19498009 ... -0.08850781  1.00628926
   0.06310399]
 [ 0.01868413  0.04655907 -0.15086148 ...  0.37658913  0.12145148
   0.23579243]
 [-0.17601578  0.75910582  0.08162342 ...  0.22016602  0.24498938
   0.332706  ]
 ...
 [-0.53278369  0.10429501 -0.42022153 ...  0.66409867  0.171384
  -0.06215094]
 [-0.34532467 -0.04364886  0.26772655 ...  0.25402445  0.08393261
   0.31154537]
 [-0.32266866 -0.14461544 -0.30516732 ... -0.14622633 -0.05115454
  -0.16842426]]

##################################################################

LR = 0.1; Lookback = 0:

U: [[-9.80208017e-02  1.69575970e-01  6.71673144e-01 -4.11673522e-01
   1.46574668e-01  2.60903022e-01 -5.52934354e-02  1.97595033e-02
  -2.39803598e-01  1.20606778e-01  1.48044039e-01 -6.27152618e-02
  -4.46207958e-01  1.66865112e-01  3.71885210e-01  3.27380136e-01
  -3.96049661e-01 -1.00988167e-01 -3.55226104e-01  1.08065529e-01
   7.36716545e-02  3.93085790e-01 -3.50325898e-01 -5.57091997e-01
  -6.63249816e-02]
 [ 2.17842985e-02  1.19548655e-01 -5.05954716e-01 -6.83424779e-01
   1.21950477e-01 -8.59175608e-02 -1.80097864e-01  1.35974994e-01
   2.26454168e-01  1.68109813e-02  1.70089871e-01  4.51490853e-02
   1.20227804e-01 -1.58980530e-02  3.41953112e-01  1.33686047e-01
  -2.47904332e-01 -2.53082138e-01  4.76851491e-03  2.68100608e-01
   1.78584761e-02 -7.00069651e-01  1.44530079e-01 -1.30209228e-03
   2.50669355e-01]
 [ 5.01959163e-02 -5.12508810e-01 -1.37793937e-01 -3.46872048e-01
  -2.80039181e-01  2.39403991e-01 -2.00239610e-01 -6.00430935e-02
   2.27692852e-02 -3.07684932e-01 -2.50314502e-02  4.13731411e-01
  -2.36399070e-02  2.89323274e-01 -3.68801539e-01  3.13351791e-02
  -7.04119775e-02 -2.50446428e-01  1.25231096e-01  1.36524281e-01
  -2.26930166e-01 -3.21502893e-01 -1.77688688e-01  9.67351209e-02
  -1.07111716e-01]
 [-1.17014328e-01 -2.19957007e-01 -7.80956450e-01 -2.26097207e-02
  -3.01914861e-01  1.24713744e-01  1.48546593e-01  4.05491629e-01
  -2.49197355e-01 -7.94959478e-01  4.82604873e-01  2.24648606e-01
   5.88807660e-01  4.56449918e-01 -4.98155388e-01 -2.51070300e-01
   9.05878622e-02  2.39325125e-01 -1.27837198e-01 -9.91173774e-02
  -1.31006928e-01 -5.29914736e-01 -1.69610618e-01  4.58312433e-02
   8.64321198e-02]
 [ 2.52715992e-01  1.36840188e-01  5.72297578e-01 -6.79640009e-03
   2.20103510e-01  2.27917182e-01  1.89332152e-01 -7.82070682e-01
   2.42471039e-01 -2.14447605e-01 -1.33516631e-01  1.77825545e-01
  -1.66704131e-01 -1.34264124e-01  3.14327878e-01 -1.81094290e-01
   9.35708739e-03 -1.48663643e-01 -5.30261742e-02 -3.69090509e-01
   3.57982912e-01 -1.98286775e-01  2.47814621e-01 -2.74818980e-01
   8.20000902e-03]
 [ 1.95537091e-01  1.38425556e-02  4.14800809e-01  7.31204885e-01
   3.03070333e-02  8.13104661e-02 -4.07043482e-01  7.50919729e-04
  -5.43392564e-01  5.06994988e-01  3.24888495e-02  1.90287321e-01
  -1.63720907e-01  1.73345214e-01 -2.69484445e-01 -4.42125340e-01
   1.80448963e-01 -5.54083367e-01 -2.85109061e-01  4.97116553e-02
   2.36318964e-01 -6.76577665e-02 -8.13531728e-02  1.75642722e-01
  -8.45928378e-01]
 [ 1.16020030e-01  3.56722184e-01 -1.52141204e-01  1.38246296e-02
   2.02360501e-01 -4.88993003e-02  5.78812798e-01 -2.98300866e-02
  -5.16632539e-01 -3.84908204e-02 -2.47106642e-01  2.72019780e-01
  -2.86427745e-03 -4.86418643e-02 -5.66427753e-01 -7.15031045e-01
  -1.62361172e-01 -5.42910885e-01  6.33918113e-01 -2.23448376e-01
  -1.02728564e-01  1.50271712e-01 -4.55645170e-02  2.39657075e-01
  -5.12139849e-02]
 [ 2.19470257e-01 -1.74553648e-01 -3.62609509e-01 -6.64291426e-01
  -9.87353520e-02 -2.22900617e-01 -1.79638092e-01  6.90825890e-02
   7.94674144e-02  1.70439148e-01 -1.30505436e-01 -2.33933365e-01
  -3.82605427e-02  1.26066121e-01  1.46312678e-01  6.95437714e-01
   1.10466228e-01  3.38066658e-01 -1.81848181e-01  2.70044115e-01
   3.65328675e-01  2.89824837e-01 -1.51276817e-01 -2.05003873e-01
   2.58346288e-01]
 [-1.42533476e-01  2.63399216e-01 -9.61367012e-03 -1.97764857e-01
   5.65951478e-01 -6.68749937e-02 -1.76051795e-02  4.50734834e-01
  -3.31032932e-01  3.68402227e-01 -2.57249781e-02  2.80517224e-01
   7.94679867e-01 -3.56676956e-01 -8.09154517e-01  7.24131834e-01
   3.78999756e-02 -3.38712356e-02  6.76192389e-01  6.18739615e-01
  -5.81367783e-01  3.73842793e-01  3.88429292e-01  2.22662866e-01
  -1.63942624e-01]
 [ 1.49583480e-01  2.41394416e-04  1.48139159e-02  7.11275029e-01
  -2.95258455e-01  4.96760276e-01 -5.84353895e-01 -1.33924827e-01
   5.52118587e-01 -2.19672417e-01  3.39924904e-01 -5.00962441e-02
  -9.57556580e-02  2.71682273e-01 -1.23770850e-01 -2.75203478e-01
   7.80693644e-02 -5.22733719e-01 -2.06280987e-01  2.29021833e-02
  -2.01313078e-01  3.27501274e-01  1.46226948e-01  8.00841772e-01
  -2.39741480e-01]
 [ 2.75201068e-01 -1.94564024e-01 -1.41420973e-01 -2.31085071e-01
   4.36746744e-01  6.83650906e-01  1.84359874e-01  4.34321714e-01
  -4.23904249e-01 -2.35532973e-01 -4.56057172e-01 -3.27525315e-01
   3.55889407e-01 -2.29287329e-02 -1.01370739e-01 -1.10705430e-01
   3.80870698e-01 -2.02667867e-01  7.97469178e-02  2.83099379e-01
  -3.70433902e-01 -3.00756201e-01 -2.19075583e-01 -2.23920302e-02
  -1.37557457e-01]
 [ 2.02382092e-01  2.23246555e-02 -3.04620027e-01 -4.35161619e-01
   4.36926771e-01 -3.91732931e-01  2.30972650e-01 -2.08675115e-01
  -8.50903693e-02 -1.43743440e-01  3.43146472e-01 -2.99278044e-03
   3.63264907e-02  1.18859563e-01  2.36191404e-01 -1.35306860e-01
   5.28652302e-02 -7.02227559e-01  1.22929141e-01 -3.90242854e-02
  -2.38364719e-01 -3.05155321e-01 -4.42135743e-01  8.91511488e-02
   2.90297504e-01]
 [ 2.70967511e-01  5.90678479e-01 -1.41393252e-01  6.89289373e-02
  -1.74659043e-01  4.93990789e-02 -1.40902285e-01 -3.09486882e-01
   1.26019098e-01  1.23406869e-01 -8.91029685e-02  5.66555713e-01
   1.67105485e-01  4.02447114e-02 -1.91757096e-01  1.49284693e-01
   3.22426213e-01  5.18679094e-01  1.01130915e-01  1.47373445e-02
   1.99829135e-01  5.51060702e-01  2.15765490e-01 -3.69082439e-01
  -5.13765920e-01]
 [ 4.50324790e-01 -2.54337209e-01  3.82031775e-02 -3.43691859e-01
   5.24173511e-01  4.00776872e-01 -2.93093908e-01 -4.62435672e-01
  -5.00993618e-01 -2.23418823e-01  4.23938054e-01 -2.48850695e-01
  -1.32020962e-01 -1.02055146e-01 -1.99854189e-01 -4.62830835e-01
  -1.71360517e-01  4.28564787e-01 -3.03149024e-01 -3.56705276e-01
  -2.75497791e-01  5.31101944e-01  2.41319150e-01 -1.74763662e-01
   4.36135872e-01]
 [-3.91084312e-01  2.09088330e-01 -1.96389647e-01  7.90146602e-02
  -4.34297886e-01  1.67241824e-01 -3.89398675e-02  2.03757311e-01
   1.11695394e-01  3.63795939e-01  5.29297259e-01 -4.47403506e-01
   1.60868229e-01  4.55981341e-01 -2.98934545e-01 -3.03068911e-02
  -7.32951866e-02 -1.67629343e-01 -2.27885867e-02  2.80496754e-01
   8.82634470e-05 -1.55749841e-01  2.23747086e-01  3.18015644e-01
   1.68042646e-01]
 [ 2.11722203e-01  2.65639233e-01 -6.82565032e-02 -6.94596298e-01
   3.89570520e-01  8.89065386e-02  1.13407428e-01  1.50258865e-02
  -3.51561755e-01  1.41696381e-01 -8.08235498e-01 -9.89530360e-02
   6.61183597e-01  2.90743729e-01 -3.09373253e-01  1.54550639e-02
  -1.74328424e-01  2.53189996e-01 -2.32973595e-01  6.34717938e-02
  -2.15313159e-02  1.41235185e-01  2.54134910e-01  1.99640311e-01
   1.07179801e-01]
 [ 4.03942503e-01  1.65546782e-01  2.30397405e-01 -4.72099035e-01
   2.56296504e-03  1.17347604e-01  5.80560282e-02  1.00993945e-02
  -2.86995922e-02  5.54140866e-01  4.01587734e-01 -4.44861329e-01
  -9.05637513e-02 -2.14781874e-01 -1.24378828e-01 -1.58684632e-01
  -1.00235337e-02  9.77581963e-02  9.43688021e-02  2.98279456e-01
  -1.75711092e-01 -3.71546317e-01  2.19990270e-02  1.63619079e-01
  -4.65679588e-01]
 [-3.59099962e-01 -3.99628890e-01  2.62632477e-01 -1.64050140e-01
  -4.30936719e-02 -4.10632831e-01  4.07329182e-01 -2.22731445e-01
  -3.94376494e-01 -9.33119650e-02  2.77570398e-02  1.12194777e-01
   5.74640197e-02 -4.00386721e-01  1.68439725e-01 -2.63801992e-01
  -5.67865546e-01 -1.38549586e-01 -5.18800147e-01 -4.21017136e-01
   5.83367019e-01 -2.74890754e-01 -1.69260050e-01 -1.45250695e-01
  -2.72226187e-01]
 [ 2.14480892e-01  3.94692589e-02 -1.06874475e-02  7.68431470e-01
   5.52785166e-01  1.30433633e-01  3.09173095e-01 -1.10909877e-01
  -2.24071699e-01 -1.67205893e-01 -2.57973879e-01  1.01746897e-01
   3.98994479e-01  1.34659190e-01  1.14275649e-01 -6.32561273e-02
   2.39096917e-01  6.95950620e-01  1.27155715e-01  6.20098568e-03
   1.24410651e-01  2.96787686e-01 -1.23248480e-01  5.46061081e-01
   2.35522696e-01]
 [-7.59769972e-02 -7.52796186e-02 -1.78273436e-01  1.68629856e-01
  -3.41218560e-01 -5.71573581e-02 -2.79707262e-01  1.52937471e-01
   8.84194358e-02  5.48165897e-01  3.55271124e-01 -2.30894166e-01
   4.92861854e-01  2.47855888e-02  4.47648019e-02  2.98985649e-01
  -3.09916744e-01 -3.72921154e-01 -5.95324119e-02  4.40663699e-01
  -2.10964198e-02 -6.35418506e-02 -7.35898519e-02 -1.20675028e-01
   3.01830914e-01]
 [ 2.29623013e-01  3.03673850e-01 -2.60248238e-01  8.96708580e-02
  -1.25776715e-01  2.79872887e-01  2.79576300e-01 -5.34998249e-01
  -2.12618544e-01 -2.02301245e-01  7.38102112e-02  1.41537821e-01
   3.14134153e-01  1.22492376e-01  5.30764376e-01  1.12650723e-01
   1.26798334e-01 -3.86889001e-01 -1.59628931e-01  4.48255398e-01
  -2.52809029e-01 -3.50667882e-01  5.97659794e-02  5.21775590e-01
   2.97113157e-01]
 [-1.44429300e-01 -2.08098086e-01  1.53931733e-01 -4.72314484e-01
   4.58638277e-03  3.64641325e-01 -2.13596721e-01  3.65992976e-01
   3.72707100e-01 -4.44849600e-01 -9.49948556e-02 -3.89723029e-01
  -6.47415242e-02  5.09007972e-01  7.81045684e-02 -2.44568925e-02
  -4.95732988e-01  8.06540088e-01  3.19189686e-01  1.54762199e-01
   4.59880410e-03  1.67820869e-01 -8.47428292e-01  5.54395007e-02
   1.28095689e-01]
 [ 1.92252714e-01 -3.80198123e-02  1.94976612e-01 -3.09285300e-02
   1.55220676e-01 -2.96768622e-02  2.01567971e-02 -1.72881378e-01
   2.17159111e-01  1.03849736e-01 -2.24836742e-02 -8.85037051e-02
   1.23309058e-01 -5.81030177e-02 -1.67419414e-01 -2.61992308e-01
   8.24651279e-01 -6.37309698e-02 -6.83689457e-02 -2.25644465e-01
  -2.62151074e-01 -1.61264798e-01 -6.28331458e-01  3.84568440e-01
   6.29244847e-02]
 [ 5.33082843e-01  4.70275105e-02  3.42275867e-01  2.43844715e-01
   8.38007448e-02  3.02637684e-02 -6.23541954e-01 -1.38479210e-01
   3.94668651e-01 -2.66509482e-01  4.11413583e-01  4.50250806e-01
   3.50883171e-01  7.78960437e-02 -2.04374624e-01 -3.21431889e-02
   4.23181493e-01  3.95797272e-01 -3.89850119e-01  2.80906255e-01
  -8.56883222e-02 -2.41936066e-01  4.75402321e-01 -3.77506722e-02
  -6.06649672e-01]
 [-6.54085065e-02 -6.53351141e-02  1.36927877e-01  2.87407211e-01
  -5.80346615e-01 -1.16484767e-01  3.20572591e-01 -2.60882855e-01
  -1.88306292e-01  2.98093997e-01  9.99212829e-02 -8.84327071e-02
  -2.70963138e-01 -4.87044600e-02 -9.30850216e-02 -1.31361955e-01
  -2.24151501e-01 -1.81892144e-01 -5.59118865e-01  2.31468494e-01
   1.56860192e-01  6.32681309e-01 -1.20878436e-01  5.03059860e-01
   1.43188664e-01]],
 V:[[ 4.09926368e-02 -1.21983886e-01 -2.07517468e-01 ...  2.33562692e-04
   9.64781664e-02  1.41291268e-01]
 [ 2.25961540e-01  2.00093437e-01 -3.22329731e-01 ... -2.99764879e-01
  -4.85088887e-01  6.66168509e-01]
 [-1.66677789e-01  2.12378105e-01  3.26179180e-01 ...  3.59733418e-01
  -2.93232830e-01 -8.27830335e-04]
 ...
 [-2.21163863e-01 -2.23493244e-01 -5.51293433e-02 ...  3.73086618e-02
  -5.65044235e-02 -2.47074066e-01]
 [-2.33494128e-01  1.43766040e-01 -5.35385875e-01 ...  3.22895578e-01
   1.91066186e-01  3.87614532e-01]
 [-2.13919481e-01 -7.56850273e-02  3.04252453e-01 ...  2.69581906e-01
   2.09474739e-01  2.45286130e-01]],
 W:[[-0.18662664  0.21156445  0.1942594  ... -0.09061674  1.00389059
   0.06165178]
 [ 0.0188446   0.04630391 -0.15069767 ...  0.37657422  0.12130559
   0.23580309]
 [-0.3146521   0.55155474 -0.0284575  ...  0.03216702  0.00992815
   0.17036169]
 ...
 [-0.5323065   0.10510117 -0.41987324 ...  0.66480023  0.17223821
  -0.06159067]
 [-0.34370258 -0.04090689  0.26891826 ...  0.25638511  0.08684286
   0.31346532]
 [-0.32192913 -0.14333319 -0.30463475 ... -0.1451414  -0.04981004
  -0.16755627]]


#############################################################

LR = 0.05; Lookback = 0:

U: [[-9.33185887e-02  1.76239802e-01  6.75131675e-01 -4.08479174e-01
   1.52309209e-01  2.65179058e-01 -5.06402803e-02  2.68440206e-02
  -2.29531740e-01  1.28134566e-01  1.53885813e-01 -5.77499163e-02
  -4.37636450e-01  1.69618448e-01  3.79827228e-01  3.33646838e-01
  -3.89845409e-01 -9.91356097e-02 -3.45586032e-01  1.16538051e-01
   8.18801502e-02  3.98878855e-01 -3.44271189e-01 -5.49167159e-01
  -6.10471300e-02]
 [ 2.06279904e-02  1.17870005e-01 -5.06925697e-01 -6.84381355e-01
   1.20687159e-01 -8.69744264e-02 -1.81400605e-01  1.34158281e-01
   2.23901349e-01  1.50426422e-02  1.68554398e-01  4.40454262e-02
   1.18061189e-01 -1.66764270e-02  3.40023094e-01  1.32019497e-01
  -2.49583889e-01 -2.53702591e-01  2.31108774e-03  2.65990444e-01
   1.57588230e-02 -7.01673692e-01  1.42759907e-01 -3.34740852e-03
   2.49396828e-01]
 [ 5.44409107e-02 -5.06534222e-01 -1.34600694e-01 -3.43892718e-01
  -2.75007050e-01  2.43281441e-01 -1.96227065e-01 -5.38394564e-02
   3.18832801e-02 -3.01152622e-01 -1.99178285e-02  4.18197214e-01
  -1.60915160e-02  2.91764944e-01 -3.61875071e-01  3.68868408e-02
  -6.48000768e-02 -2.48660937e-01  1.33677743e-01  1.43948746e-01
  -2.19691810e-01 -3.16338499e-01 -1.72112826e-01  1.03739448e-01
  -1.02353712e-01]
 [-1.14488044e-01 -2.16353433e-01 -7.79047339e-01 -2.08102949e-02
  -2.98831830e-01  1.27168614e-01  1.50979009e-01  4.09248923e-01
  -2.43762079e-01 -7.90975624e-01  4.85702378e-01  2.27392308e-01
   5.93412534e-01  4.58037905e-01 -4.93919768e-01 -2.47754620e-01
   9.39300965e-02  2.40383597e-01 -1.22828564e-01 -9.47117111e-02
  -1.26605739e-01 -5.26882967e-01 -1.66221210e-01  5.00350493e-02
   8.93091972e-02]
 [ 2.49817344e-01  1.32677689e-01  5.70104342e-01 -8.73651901e-03
   2.16712995e-01  2.25268634e-01  1.86698452e-01 -7.86234790e-01
   2.36171271e-01 -2.18962078e-01 -1.37108722e-01  1.75089389e-01
  -1.71912937e-01 -1.35953619e-01  3.09554212e-01 -1.84804540e-01
   5.34998480e-03 -1.49777084e-01 -5.87155665e-02 -3.74204311e-01
   3.52999649e-01 -2.01812677e-01  2.43867069e-01 -2.79589254e-01
   4.95511235e-03]
 [ 2.02559470e-01  2.38164532e-02  4.20004236e-01  7.36077706e-01
   3.88144051e-02  8.78046289e-02 -4.00125682e-01  1.11681243e-02
  -5.28186439e-01  5.18130258e-01  4.09688721e-02  1.97628615e-01
  -1.50988900e-01  1.77366569e-01 -2.57848031e-01 -4.33052286e-01
   1.89726440e-01 -5.51362020e-01 -2.70993380e-01  6.21342902e-02
   2.48529488e-01 -5.90779172e-02 -7.22351429e-02  1.87332501e-01
  -8.38047460e-01]
 [ 1.17520079e-01  3.58617618e-01 -1.50949176e-01  1.47526326e-02
   2.04034700e-01 -4.75437612e-02  5.80203010e-01 -2.75974177e-02
  -5.13445257e-01 -3.62009764e-02 -2.45383507e-01  2.73564760e-01
  -2.39694191e-04 -4.78830990e-02 -5.64184474e-01 -7.13181044e-01
  -1.60408114e-01 -5.42318061e-01  6.36826728e-01 -2.21037847e-01
  -1.00143504e-01  1.52104483e-01 -4.37710489e-02  2.41912893e-01
  -4.95280378e-02]
 [ 2.16618303e-01 -1.78946158e-01 -3.64673950e-01 -6.66317787e-01
  -1.02320737e-01 -2.25561803e-01 -1.82460498e-01  6.47532350e-02
   7.29968413e-02  1.65626702e-01 -1.34171825e-01 -2.37028887e-01
  -4.35653702e-02  1.24457285e-01  1.41306313e-01  6.91613118e-01
   1.06529888e-01  3.37070474e-01 -1.87792509e-01  2.64731733e-01
   3.60173941e-01  2.86087610e-01 -1.55110817e-01 -2.09973550e-01
   2.55127445e-01]
 [-1.42590931e-01  2.63110425e-01 -9.68990706e-03 -1.97827088e-01
   5.65722715e-01 -6.69875636e-02 -1.76646391e-02  4.50509828e-01
  -3.31507307e-01  3.68154854e-01 -2.58513732e-02  2.80449282e-01
   7.94292222e-01 -3.56686780e-01 -8.09424344e-01  7.24046813e-01
   3.77195341e-02 -3.38067489e-02  6.75864539e-01  6.18433636e-01
  -5.81641473e-01  3.73654341e-01  3.88253564e-01  2.22425258e-01
  -1.64024442e-01]
 [ 1.49624944e-01  2.21597980e-04  1.49117339e-02  7.11219881e-01
  -2.95279145e-01  4.96679326e-01 -5.84368385e-01 -1.33856232e-01
   5.52042362e-01 -2.19599422e-01  3.39960803e-01 -5.00664857e-02
  -9.58639940e-02  2.71683487e-01 -1.23727312e-01 -2.75055534e-01
   7.81115016e-02 -5.22709654e-01 -2.06238182e-01  2.28831911e-02
  -2.01288967e-01  3.27352971e-01  1.46192118e-01  8.00920860e-01
  -2.39906212e-01]
 [ 2.84478916e-01 -1.81533328e-01 -1.34582821e-01 -2.24499465e-01
   4.47609209e-01  6.92289787e-01  1.93284505e-01  4.47879633e-01
  -4.04299261e-01 -2.21136121e-01 -4.44839493e-01 -3.17980619e-01
   3.72325182e-01 -1.74167952e-02 -8.63597733e-02 -9.88021304e-02
   3.92964904e-01 -1.98923224e-01  9.79917859e-02  2.99019676e-01
  -3.54540977e-01 -2.89490369e-01 -2.06829740e-01 -7.15549833e-03
  -1.27264620e-01]
 [ 1.98500301e-01  1.65645692e-02 -3.07473710e-01 -4.37837467e-01
   4.32294695e-01 -3.95332687e-01  2.27413150e-01 -2.14464860e-01
  -9.35572282e-02 -1.49867160e-01  3.38351740e-01 -6.93528273e-03
   2.92024131e-02  1.16486993e-01  2.29738203e-01 -1.40231292e-01
   4.77188469e-02 -7.03708847e-01  1.15180382e-01 -4.60102391e-02
  -2.45101643e-01 -3.09929230e-01 -4.47647124e-01  8.26251246e-02
   2.86090365e-01]
 [ 2.75216504e-01  5.96792264e-01 -1.38192801e-01  7.19087663e-02
  -1.69626332e-01  5.33207076e-02 -1.36839549e-01 -3.03231584e-01
   1.35329267e-01  1.30074095e-01 -8.36913510e-02  5.70850480e-01
   1.74947489e-01  4.26740623e-02 -1.84717182e-01  1.54798450e-01
   3.28347851e-01  5.20333415e-01  1.09679950e-01  2.24001125e-02
   2.07194029e-01  5.56573783e-01  2.21449401e-01 -3.61961804e-01
  -5.09114038e-01]
 [ 4.48611694e-01 -2.56872441e-01  3.69863573e-02 -3.44999682e-01
   5.21948352e-01  3.99094876e-01 -2.94745764e-01 -4.65027521e-01
  -5.04861316e-01 -2.26214446e-01  4.21794674e-01 -2.50689591e-01
  -1.35293938e-01 -1.03111622e-01 -2.02827784e-01 -4.65145204e-01
  -1.73665256e-01  4.27880000e-01 -3.06781925e-01 -3.59850817e-01
  -2.78569095e-01  5.28869763e-01  2.39017559e-01 -1.77608439e-01
   4.34121511e-01]
 [-3.92697912e-01  2.06515385e-01 -1.97715829e-01  7.77590872e-02
  -4.36545732e-01  1.65607043e-01 -4.07090469e-02  2.01024540e-01
   1.07859710e-01  3.60971833e-01  5.27110764e-01 -4.49215846e-01
   1.57750578e-01  4.55071549e-01 -3.01782173e-01 -3.27097904e-02
  -7.56014715e-02 -1.68306790e-01 -2.64095836e-02  2.77462823e-01
  -2.88619869e-03 -1.57827329e-01  2.21618768e-01  3.15058436e-01
   1.66132611e-01]
 [ 2.04771003e-01  2.55571617e-01 -7.35367723e-02 -6.99469747e-01
   3.81116804e-01  8.23351287e-02  1.06730771e-01  4.56621815e-03
  -3.66862586e-01  1.30535829e-01 -8.16970900e-01 -1.06219079e-01
   6.48301884e-01  2.86696062e-01 -3.21058805e-01  6.28482751e-03
  -1.83602058e-01  2.50446706e-01 -2.47138162e-01  5.09044609e-02
  -3.38383936e-02  1.32475863e-01  2.44913965e-01  1.87937496e-01
   9.93612497e-02]
 [ 3.97064904e-01  1.55852531e-01  2.25286535e-01 -4.76781276e-01
  -5.38816545e-03  1.11235406e-01  5.16951086e-02  3.33087928e-04
  -4.30715395e-02  5.43588475e-01  3.93335788e-01 -4.51620343e-01
  -1.02590837e-01 -2.18839774e-01 -1.35486009e-01 -1.67410884e-01
  -1.88181982e-02  9.50350587e-02  8.09505096e-02  2.86583071e-01
  -1.87231250e-01 -3.79778990e-01  1.29071117e-02  1.52382890e-01
  -4.73040613e-01]
 [-3.57479361e-01 -3.97350475e-01  2.63777033e-01 -1.63016344e-01
  -4.12436214e-02 -4.09188326e-01  4.08821258e-01 -2.20437582e-01
  -3.91031644e-01 -9.07577502e-02  2.96476331e-02  1.13845570e-01
   6.02065534e-02 -3.99447249e-01  1.71005596e-01 -2.61791456e-01
  -5.65801796e-01 -1.37937044e-01 -5.15798961e-01 -4.18318106e-01
   5.86079173e-01 -2.72996111e-01 -1.67199670e-01 -1.42647192e-01
  -2.70461345e-01]
 [ 2.13274162e-01  3.75767439e-02 -1.16116315e-02  7.67592453e-01
   5.51192178e-01  1.29243027e-01  3.07998166e-01 -1.12820495e-01
  -2.26925248e-01 -1.69250871e-01 -2.59494093e-01  1.00413374e-01
   3.96626729e-01  1.33955414e-01  1.12145510e-01 -6.48640906e-02
   2.37448298e-01  6.95515776e-01  1.24589282e-01  3.91264433e-03
   1.22134461e-01  2.95262586e-01 -1.24883610e-01  5.43912885e-01
   2.34092707e-01]
 [-6.32470640e-02 -5.74064406e-02 -1.68743721e-01  1.77411297e-01
  -3.26159300e-01 -4.54663565e-02 -2.67460606e-01  1.71599256e-01
   1.15375789e-01  5.67786805e-01  3.70831763e-01 -2.17823232e-01
   5.15571838e-01  3.24061276e-02  6.54893147e-02  3.15369697e-01
  -2.93234749e-01 -3.67613156e-01 -3.45076112e-02  4.62694295e-01
   6.27564028e-04 -4.80075995e-02 -5.67299516e-02 -9.99026000e-02
   3.15856895e-01]
 [ 2.26036387e-01  2.98165185e-01 -2.63147925e-01  8.71141219e-02
  -1.30287278e-01  2.76554453e-01  2.76081313e-01 -5.40671306e-01
  -2.20678184e-01 -2.08271614e-01  6.91417684e-02  1.37762854e-01
   3.07371007e-01  1.20369724e-01  5.24556121e-01  1.07840334e-01
   1.21849660e-01 -3.88346428e-01 -1.67186559e-01  4.41645826e-01
  -2.59227873e-01 -3.55307649e-01  5.47982199e-02  5.15529490e-01
   2.93226212e-01]
 [-1.44783944e-01 -2.08865684e-01  1.53616409e-01 -4.72629560e-01
   3.83994255e-03  3.64146704e-01 -2.14041751e-01  3.65084468e-01
   3.71539332e-01 -4.45899314e-01 -9.54977938e-02 -3.90366095e-01
  -6.56944525e-02  5.08881901e-01  7.71379449e-02 -2.51620762e-02
  -4.96358099e-01  8.06601257e-01  3.18133406e-01  1.53862032e-01
   3.55061189e-03  1.67328927e-01 -8.47873470e-01  5.45195844e-02
   1.27612928e-01]
 [ 1.94977245e-01 -3.42612437e-02  1.97028462e-01 -2.90410974e-02
   1.58355618e-01 -2.72718898e-02  2.25850999e-02 -1.69073584e-01
   2.22834862e-01  1.07781142e-01 -1.91375520e-02 -8.58761670e-02
   1.28164283e-01 -5.64731704e-02 -1.63065779e-01 -2.58599897e-01
   8.28325958e-01 -6.27011897e-02 -6.31492449e-02 -2.21170493e-01
  -2.57516576e-01 -1.57777828e-01 -6.24678994e-01  3.88937897e-01
   6.57016013e-02]
 [ 5.35711943e-01  5.06915445e-02  3.44212730e-01  2.45645442e-01
   8.70212575e-02  3.27911338e-02 -6.21049710e-01 -1.34752072e-01
   4.00449207e-01 -2.62406611e-01  4.14700738e-01  4.52799774e-01
   3.55666420e-01  7.94124136e-02 -2.00076469e-01 -2.86186316e-02
   4.26749361e-01  3.96818975e-01 -3.84571550e-01  2.85535488e-01
  -8.10323073e-02 -2.38600467e-01  4.78765863e-01 -3.33645911e-02
  -6.03747581e-01]
 [-6.42619167e-02 -6.38716305e-02  1.37666745e-01  2.88015795e-01
  -5.79180699e-01 -1.15355513e-01  3.21702816e-01 -2.59381719e-01
  -1.86192356e-01  2.99774637e-01  1.01226476e-01 -8.71395750e-02
  -2.69133595e-01 -4.81453642e-02 -9.14242758e-02 -1.30055956e-01
  -2.22658469e-01 -1.81399331e-01 -5.57066538e-01  2.33242147e-01
   1.58573422e-01  6.33904334e-01 -1.19711074e-01  5.04817074e-01
   1.44494808e-01]],

 V:[[ 4.09802703e-02 -1.21956619e-01 -2.06796136e-01 ...  2.33562692e-04
   9.64781664e-02  1.41291268e-01]
 [ 2.25985575e-01  2.00100238e-01 -3.22778130e-01 ... -2.99764879e-01
  -4.85088887e-01  6.66168509e-01]
 [-1.66665246e-01  2.12377835e-01  3.27464372e-01 ...  3.59733418e-01
  -2.93232830e-01 -8.27830335e-04]
 ...
 [-2.21154344e-01 -2.23523249e-01 -5.54204441e-02 ...  3.73086618e-02
  -5.65044235e-02 -2.47074066e-01]
 [-2.33442330e-01  1.43743648e-01 -5.35263184e-01 ...  3.22895578e-01
   1.91066186e-01  3.87614532e-01]
 [-2.13968120e-01 -7.56309091e-02  3.05407312e-01 ...  2.69581906e-01
   2.09474739e-01  2.45286130e-01]],
 W:[[-0.18684968  0.21128949  0.19417179 ... -0.0908229   1.00364974
   0.06148911]
 [ 0.01886806  0.04632089 -0.15067864 ...  0.37659738  0.12130937
   0.23581369]
 [-0.3348556   0.52534431 -0.04450358 ...  0.0068135  -0.02231508
   0.14742198]
 ...
 [-0.5322253   0.1052152  -0.41981341 ...  0.66490756  0.17237232
  -0.06149947]
 [-0.34344257 -0.04054352  0.26911187 ...  0.25672465  0.087272
   0.3137594 ]
 [-0.32182614 -0.14318813 -0.30455901 ... -0.14500705 -0.04963937
  -0.16744102]]

#################################################################

LR = 0.5; Lookback = 2: 

U: [[-0.10622464  0.15519065  0.66581125 -0.41582825  0.13167621  0.2563583
  -0.06721127  0.00470924 -0.25961711  0.10616506  0.14045136 -0.07459776
  -0.46113941  0.16106164  0.35541705  0.31090349 -0.40843899 -0.10503307
  -0.37519662  0.09822343  0.05754742  0.38253443 -0.36087348 -0.57223981
  -0.07715395]
 [ 0.05172447  0.17124178 -0.48456707 -0.66535541  0.16827031 -0.06518336
  -0.14539136  0.18601642  0.29725255  0.06435563  0.20007264  0.0824237
   0.17628053  0.00436986  0.39675554  0.18698924 -0.20003457 -0.2383198
   0.07202926  0.30755465  0.07712772 -0.65840995  0.19162071  0.05340218
   0.28588026]
 [ 0.0402664  -0.53040872 -0.14508301 -0.35318255 -0.29706959  0.23274155
  -0.21229415 -0.07647726 -0.00162302 -0.32366116 -0.03416547  0.39967018
  -0.04211884  0.28260387 -0.38740028  0.01226283 -0.08649585 -0.25590828
   0.10242086  0.12457589 -0.24663553 -0.33542646 -0.19300719  0.07848944
  -0.12012609]
 [-0.13524521 -0.24774441 -0.7941763  -0.03382918 -0.32729418  0.1098012
   0.12918099  0.37786822 -0.29032038 -0.82305563  0.46306673  0.20331953
   0.55521398  0.44501386 -0.53006135 -0.27811663  0.06499641  0.231401
  -0.16595003 -0.12642121 -0.16410611 -0.55305568 -0.19544991  0.01387596
   0.06541652]
 [ 0.2835428   0.18987391  0.59396018  0.01045802  0.2667962   0.24971358
   0.22268689 -0.73251129  0.31624983 -0.16504495 -0.10161593  0.2141398
  -0.10903605 -0.1153282   0.37028172 -0.12871093  0.05827355 -0.13546888
   0.01480608 -0.32617182  0.41783553 -0.15654047  0.29500976 -0.2196681
   0.04399701]
 [ 0.16825485 -0.03060277  0.39551468  0.71517464 -0.01112779  0.06135639
  -0.43903904 -0.04294015 -0.60594853  0.46295711  0.0057982   0.15659653
  -0.21384694  0.15635344 -0.31798502 -0.48660908  0.13995861 -0.56611032
  -0.34424267  0.01227762  0.18524727 -0.10267108 -0.11952087  0.12783733
  -0.87939363]
 [ 0.11838993  0.3596823  -0.15068266  0.01701083  0.20353885 -0.04482295
   0.58032508 -0.02879427 -0.51248783 -0.03488852 -0.24129492  0.27223548
   0.00192175 -0.04661837 -0.56177267 -0.71470023 -0.16106726 -0.54219888
   0.63749155 -0.21357703 -0.09989163  0.1527814  -0.04140397  0.24459331
  -0.04947099]
 [ 0.2239827  -0.16055662 -0.36004881 -0.66199138 -0.08640999 -0.22114172
  -0.17260442  0.07964418  0.09475557  0.18167147 -0.1270044  -0.22444261
  -0.02845413  0.12931059  0.15886731  0.70861037  0.12128641  0.33947471
  -0.16785736  0.27342377  0.37835283  0.29903661 -0.14206024 -0.19407867
   0.26477256]
 [-0.13266023  0.28277825 -0.00280906 -0.19232628  0.5834925  -0.06052629
  -0.00615049  0.46844672 -0.30434611  0.38549999 -0.01625892  0.29339868
   0.81517928 -0.35047684 -0.7894523   0.74268683  0.05473845 -0.03024941
   0.70050713  0.63202932 -0.56039162  0.38870653  0.40462466  0.24189655
  -0.15220702]
 [ 0.16826516  0.03566743  0.02707739  0.72204131 -0.26204236  0.50940679
  -0.56251402 -0.10093823  0.59922908 -0.18901663  0.356619   -0.02434252
  -0.05842757  0.28507767 -0.08772314 -0.23936392  0.10998804 -0.51369771
  -0.1625714   0.04451566 -0.16206127  0.35482021  0.17702404  0.83547438
  -0.21486747]
 [ 0.23979013 -0.25152601 -0.16671731 -0.25317785  0.38600982  0.65732352
   0.14452661  0.37939638 -0.50301573 -0.29100315 -0.49184826 -0.36980995
   0.29293616 -0.04540241 -0.16264485 -0.16731575  0.32918358 -0.21889974
   0.00527875  0.23521009 -0.436135   -0.3463166  -0.27112428 -0.08330987
  -0.17924929]
 [ 0.21798423  0.05277257 -0.2933659  -0.42584437  0.46365113 -0.38060712
   0.24856751 -0.18069232 -0.04574154 -0.11687481  0.3585754   0.01762816
   0.06753735  0.13052873  0.26617492 -0.1062075   0.07857104 -0.69492608
   0.15915456 -0.01749791 -0.20645058 -0.28303505 -0.41468362  0.11857646
   0.30934503]
 [ 0.25458934  0.56482896 -0.15386519  0.05919791 -0.1979168   0.03790689
  -0.15966652 -0.33502201  0.08863744  0.09825189 -0.10678438  0.5477957
   0.13692018  0.03069169 -0.220122    0.12288991  0.29640135  0.51133403
   0.06596368 -0.0086954   0.17077021  0.5282215   0.19307298 -0.39709489
  -0.53274488]
 [ 0.46569804 -0.22507869  0.04809922 -0.33482253  0.55201052  0.41107324
  -0.27536274 -0.43535195 -0.46169713 -0.19714207  0.43791016 -0.22753837
  -0.10166083 -0.09140177 -0.16931837 -0.432592   -0.14539664  0.43545198
  -0.26584156 -0.33764435 -0.24290263  0.55388191  0.26572    -0.14600014
   0.4554615 ]
 [-0.36609197  0.25405771 -0.17762681  0.09396146 -0.39259429  0.18510764
  -0.00871142  0.2480819   0.17378656  0.406443    0.55557643 -0.41476918
   0.20852586  0.47143473 -0.25166406  0.01593184 -0.03319633 -0.15606828
   0.03651181  0.31478555  0.04977668 -0.12178558  0.26085539  0.36525599
   0.19819994]
 [ 0.25051124  0.3340742  -0.03986137 -0.67223182  0.45280947  0.11588467
   0.15766999  0.08114692 -0.25701676  0.20577149 -0.7697548  -0.04880153
   0.73524327  0.31556119 -0.23638136  0.08517268 -0.11301553  0.27078905
  -0.14386149  0.1150647   0.05574257  0.1949552   0.31284201  0.27071315
   0.15410244]
 [ 0.44035277  0.22916662  0.25552442 -0.45163508  0.05915958  0.14117033
   0.09801891  0.06789183  0.05563254  0.61221396  0.43599777 -0.40063055
  -0.02494749 -0.19129116 -0.05898091 -0.09515076  0.04558147  0.1139814
   0.17383772  0.34303732 -0.10648536 -0.32295193  0.07806389  0.228149
  -0.42407672]
 [-0.35776689 -0.39750508  0.26406145 -0.16277819 -0.04105481 -0.40953205
   0.40851684 -0.22038765 -0.39013041 -0.09213757  0.02957318  0.11350415
   0.06101893 -0.39992169  0.17176638 -0.26169015 -0.5651427  -0.13808461
  -0.51415007 -0.41760056  0.58622504 -0.27241299 -0.16621517 -0.14215824
  -0.27101941]
 [ 0.22791868  0.06507943 -0.00162573  0.77581276  0.57564468  0.13981629
   0.32442002 -0.08775341 -0.18968909 -0.14398909 -0.24467438  0.11982967
   0.42563641  0.14324464  0.14028171 -0.03859696  0.26142711  0.70132367
   0.15857343  0.02443733  0.15250043  0.31600142 -0.10190824  0.57139303
   0.25179727]
 [-0.13098755 -0.16339067 -0.21860055  0.13589045 -0.42180116 -0.09770957
  -0.342286    0.06550161 -0.03512814  0.46279386  0.29846634 -0.296671
   0.39350085 -0.01075365 -0.05069311  0.20981688 -0.38972028 -0.39931487
  -0.17550674  0.36583013 -0.12193344 -0.13537337 -0.15261548 -0.21406072
   0.23739899]
 [ 0.25264714  0.34596667 -0.24181276  0.10353881 -0.08734925  0.29535461
   0.30643493 -0.49417537 -0.15585712 -0.16330949  0.09774775  0.1712033
   0.35849868  0.13765432  0.57496536  0.15443067  0.16360812 -0.37585514
  -0.10546688  0.47977495 -0.20679717 -0.31845083  0.09585735  0.56489618
   0.32381119]
 [-0.13498412 -0.19075658  0.16180772 -0.46666444  0.02151124  0.37175651
  -0.20317344  0.38389921  0.39665137 -0.42777962 -0.08609985 -0.37612548
  -0.046296    0.51454622  0.09721654 -0.00675851 -0.48057697  0.80977266
   0.34125887  0.16755447  0.02540947  0.18011698 -0.83335735  0.07348895
   0.13983293]
 [ 0.19932016 -0.02495609  0.19968069 -0.0262133   0.16742385 -0.023127
   0.02916797 -0.15910195  0.23607138  0.11797861 -0.0147504  -0.0783517
   0.13808896 -0.05344023 -0.1531488  -0.24938624  0.83471603 -0.06053437
  -0.05053078 -0.21245884 -0.24684235 -0.15226842 -0.61827573  0.39880146
   0.07332132]
 [ 0.54880445  0.07553017  0.35262858  0.25317974  0.10847411  0.04122804
  -0.60594995 -0.11082241  0.43195526 -0.24061309  0.42701908  0.4714911
   0.38130497  0.0883894  -0.1753954  -0.00494339  0.4472262   0.40262077
  -0.3545313   0.30265519 -0.05417898 -0.22009697  0.50085187 -0.00894327
  -0.58819507]
 [-0.04978551 -0.03737533  0.14849372  0.29761105 -0.55482785 -0.10583453
   0.33692166 -0.23446986 -0.14849614  0.32446498  0.11696948 -0.07086161
  -0.23988221 -0.03771222 -0.06260219 -0.10383816 -0.19996303 -0.17588212
  -0.52273033  0.25546312  0.18947013  0.65596728 -0.09421821  0.53256079
   0.16105159]],
 V:[[ 4.15782416e-02 -1.22279512e-01 -2.09164211e-01 ...  2.33562692e-04
   9.64781664e-02  1.41291268e-01]
 [ 2.26191941e-01  1.99994877e-01 -3.12986847e-01 ... -2.99764879e-01
  -4.85088887e-01  6.66168509e-01]
 [-1.66625374e-01  2.12438706e-01  3.23938620e-01 ...  3.59733418e-01
  -2.93232830e-01 -8.27830335e-04]
 ...
 [-2.20905893e-01 -2.23286539e-01 -4.74896579e-02 ...  3.73086618e-02
  -5.65044235e-02 -2.47074066e-01]
 [-2.33501153e-01  1.43765670e-01 -5.28539295e-01 ...  3.22895578e-01
   1.91066186e-01  3.87614532e-01]
 [-2.13400297e-01 -7.61758667e-02  3.01008247e-01 ...  2.69581906e-01
   2.09474739e-01  2.45286130e-01]],
 W:[[-0.18470006  0.21494537  0.1949633  ... -0.08825445  1.00656825
   0.06333662]
 [ 0.01868349  0.04659426 -0.15091622 ...  0.37662613  0.1214946
   0.23581103]
 [-0.17130979  0.77084128  0.08102471 ...  0.23100347  0.25301058
   0.34402808]
 ...
 [-0.53280439  0.10424181 -0.42021707 ...  0.6640507   0.17134674
  -0.06220148]
 [-0.34540778 -0.04384547  0.26773337 ...  0.25384511  0.08378575
   0.31136065]
 [-0.32266444 -0.14462409 -0.3051352  ... -0.1462424  -0.05114177
  -0.1684564 ]]

####################################

